(kicad_pcb (version 20171130) (host pcbnew "(5.1.4)-1")

  (general
    (thickness 1.6)
    (drawings 8)
    (tracks 36)
    (zones 0)
    (modules 18)
    (nets 16)
  )

  (page A4)
  (layers
    (0 F.Cu signal)
    (31 B.Cu signal)
    (32 B.Adhes user)
    (33 F.Adhes user)
    (34 B.Paste user)
    (35 F.Paste user)
    (36 B.SilkS user)
    (37 F.SilkS user)
    (38 B.Mask user)
    (39 F.Mask user)
    (40 Dwgs.User user)
    (41 Cmts.User user)
    (42 Eco1.User user)
    (43 Eco2.User user)
    (44 Edge.Cuts user)
    (45 Margin user)
    (46 B.CrtYd user)
    (47 F.CrtYd user)
    (48 B.Fab user)
    (49 F.Fab user)
  )

  (setup
    (last_trace_width 0.25)
    (user_trace_width 0.5)
    (user_trace_width 2)
    (trace_clearance 0.2)
    (zone_clearance 0.508)
    (zone_45_only no)
    (trace_min 0.2)
    (via_size 0.8)
    (via_drill 0.4)
    (via_min_size 0.4)
    (via_min_drill 0.3)
    (uvia_size 0.3)
    (uvia_drill 0.1)
    (uvias_allowed no)
    (uvia_min_size 0.2)
    (uvia_min_drill 0.1)
    (edge_width 0.1)
    (segment_width 0.2)
    (pcb_text_width 0.3)
    (pcb_text_size 1.5 1.5)
    (mod_edge_width 0.15)
    (mod_text_size 1 1)
    (mod_text_width 0.15)
    (pad_size 1.524 1.524)
    (pad_drill 0.762)
    (pad_to_mask_clearance 0)
    (aux_axis_origin 0 0)
    (visible_elements 7FFFFFFF)
    (pcbplotparams
      (layerselection 0x010f0_ffffffff)
      (usegerberextensions false)
      (usegerberattributes false)
      (usegerberadvancedattributes false)
      (creategerberjobfile false)
      (excludeedgelayer false)
      (linewidth 0.100000)
      (plotframeref false)
      (viasonmask false)
      (mode 1)
      (useauxorigin false)
      (hpglpennumber 1)
      (hpglpenspeed 20)
      (hpglpendiameter 15.000000)
      (psnegative false)
      (psa4output false)
      (plotreference true)
      (plotvalue true)
      (plotinvisibletext false)
      (padsonsilk false)
      (subtractmaskfromsilk false)
      (outputformat 1)
      (mirror false)
      (drillshape 0)
      (scaleselection 1)
      (outputdirectory "Gerbers/"))
  )

  (net 0 "")
  (net 1 "Net-(C1-Pad1)")
  (net 2 "Net-(C1-Pad2)")
  (net 3 "Net-(C2-Pad2)")
  (net 4 "Net-(D1-Pad2)")
  (net 5 "Net-(D1-Pad1)")
  (net 6 "Net-(E1-Pad2)")
  (net 7 /PowerIn-)
  (net 8 /PowerIn+)
  (net 9 /Output+)
  (net 10 /Output-)
  (net 11 "Net-(R4-Pad1)")
  (net 12 "Net-(L1-Pad1)")
  (net 13 "Net-(L2-Pad1)")
  (net 14 "Net-(D2-Pad1)")
  (net 15 "Net-(D3-Pad1)")

  (net_class Default "This is the default net class."
    (clearance 0.2)
    (trace_width 0.25)
    (via_dia 0.8)
    (via_drill 0.4)
    (uvia_dia 0.3)
    (uvia_drill 0.1)
    (add_net /Output+)
    (add_net /Output-)
    (add_net /PowerIn+)
    (add_net /PowerIn-)
    (add_net "Net-(C1-Pad1)")
    (add_net "Net-(C1-Pad2)")
    (add_net "Net-(C2-Pad2)")
    (add_net "Net-(D1-Pad1)")
    (add_net "Net-(D1-Pad2)")
    (add_net "Net-(D2-Pad1)")
    (add_net "Net-(D3-Pad1)")
    (add_net "Net-(E1-Pad2)")
    (add_net "Net-(L1-Pad1)")
    (add_net "Net-(L2-Pad1)")
    (add_net "Net-(R4-Pad1)")
  )

  (module Resistor_THT:R_Axial_DIN0922_L20.0mm_D9.0mm_P30.48mm_Horizontal (layer F.Cu) (tedit 5AE5139B) (tstamp 5F480F05)
    (at 203.2 114.3 180)
    (descr "Resistor, Axial_DIN0922 series, Axial, Horizontal, pin pitch=30.48mm, 5W, length*diameter=20*9mm^2, http://www.vishay.com/docs/20128/wkxwrx.pdf")
    (tags "Resistor Axial_DIN0922 series Axial Horizontal pin pitch 30.48mm 5W length 20mm diameter 9mm")
    (path /5EE60399)
    (fp_text reference R4 (at 15.24 -5.62) (layer F.SilkS)
      (effects (font (size 1 1) (thickness 0.15)))
    )
    (fp_text value 1Ω/10W (at 15.24 5.62) (layer F.Fab)
      (effects (font (size 1 1) (thickness 0.15)))
    )
    (fp_text user %R (at 15.24 0) (layer F.Fab)
      (effects (font (size 1 1) (thickness 0.15)))
    )
    (fp_line (start 31.94 -4.75) (end -1.45 -4.75) (layer F.CrtYd) (width 0.05))
    (fp_line (start 31.94 4.75) (end 31.94 -4.75) (layer F.CrtYd) (width 0.05))
    (fp_line (start -1.45 4.75) (end 31.94 4.75) (layer F.CrtYd) (width 0.05))
    (fp_line (start -1.45 -4.75) (end -1.45 4.75) (layer F.CrtYd) (width 0.05))
    (fp_line (start 29.04 0) (end 25.36 0) (layer F.SilkS) (width 0.12))
    (fp_line (start 1.44 0) (end 5.12 0) (layer F.SilkS) (width 0.12))
    (fp_line (start 25.36 -4.62) (end 5.12 -4.62) (layer F.SilkS) (width 0.12))
    (fp_line (start 25.36 4.62) (end 25.36 -4.62) (layer F.SilkS) (width 0.12))
    (fp_line (start 5.12 4.62) (end 25.36 4.62) (layer F.SilkS) (width 0.12))
    (fp_line (start 5.12 -4.62) (end 5.12 4.62) (layer F.SilkS) (width 0.12))
    (fp_line (start 30.48 0) (end 25.24 0) (layer F.Fab) (width 0.1))
    (fp_line (start 0 0) (end 5.24 0) (layer F.Fab) (width 0.1))
    (fp_line (start 25.24 -4.5) (end 5.24 -4.5) (layer F.Fab) (width 0.1))
    (fp_line (start 25.24 4.5) (end 25.24 -4.5) (layer F.Fab) (width 0.1))
    (fp_line (start 5.24 4.5) (end 25.24 4.5) (layer F.Fab) (width 0.1))
    (fp_line (start 5.24 -4.5) (end 5.24 4.5) (layer F.Fab) (width 0.1))
    (pad 2 thru_hole oval (at 30.48 0 180) (size 2.4 2.4) (drill 1.2) (layers *.Cu *.Mask)
      (net 4 "Net-(D1-Pad2)"))
    (pad 1 thru_hole circle (at 0 0 180) (size 2.4 2.4) (drill 1.2) (layers *.Cu *.Mask)
      (net 11 "Net-(R4-Pad1)"))
    (model ${KISYS3DMOD}/Resistor_THT.3dshapes/R_Axial_DIN0922_L20.0mm_D9.0mm_P30.48mm_Horizontal.wrl
      (at (xyz 0 0 0))
      (scale (xyz 1 1 1))
      (rotate (xyz 0 0 0))
    )
  )

  (module Power:Flyback_Transformer_BSH12-N406L (layer F.Cu) (tedit 5F474E8D) (tstamp 5F480711)
    (at 72.39 73.66 270)
    (descr "Flyback Transformer BSH12-N406L")
    (tags "Flyback Transformer")
    (path /5E11478B)
    (fp_text reference T1 (at 13.97 11.43 90) (layer F.SilkS)
      (effects (font (size 1 1) (thickness 0.15)))
    )
    (fp_text value "BSH12-N406L 8:6400" (at 20.32 16.51 90) (layer F.Fab)
      (effects (font (size 1 1) (thickness 0.15)))
    )
    (fp_text user 11 (at 36.83 21.59 90) (layer F.SilkS)
      (effects (font (size 1 1) (thickness 0.15)))
    )
    (fp_text user 10 (at 36.83 26.67 90) (layer F.SilkS)
      (effects (font (size 1 1) (thickness 0.15)))
    )
    (fp_line (start 42.608 -2.727) (end 42.608 30.456) (layer F.CrtYd) (width 0.05))
    (fp_line (start 42.48 -2.597) (end 42.48 30.326) (layer F.SilkS) (width 0.12))
    (fp_line (start 42.352 30.206) (end 42.352 -2.477) (layer F.Fab) (width 0.1))
    (fp_text user HV (at 2.46 -1.27 90) (layer F.SilkS)
      (effects (font (size 1 1) (thickness 0.15)))
    )
    (fp_arc (start 13.97 13.97) (end 13.97 8.89) (angle -180) (layer F.SilkS) (width 0.12))
    (fp_arc (start 13.97 13.97) (end 13.97 8.89) (angle -180) (layer F.Fab) (width 0.12))
    (fp_text user GND (at 24.13 13.97 90) (layer F.SilkS)
      (effects (font (size 1 1) (thickness 0.15)))
    )
    (fp_text user 8 (at 16.51 0 90) (layer F.SilkS)
      (effects (font (size 1 1) (thickness 0.15)))
    )
    (fp_text user 7 (at 10.16 0 90) (layer F.SilkS)
      (effects (font (size 1 1) (thickness 0.15)))
    )
    (fp_text user 6 (at 3.81 3.81 90) (layer F.SilkS)
      (effects (font (size 1 1) (thickness 0.15)))
    )
    (fp_circle (center 13.97 13.97) (end 29.21 13.97) (layer F.SilkS) (width 0.12))
    (fp_text user 5 (at 0 10.16 90) (layer F.SilkS)
      (effects (font (size 1 1) (thickness 0.15)))
    )
    (fp_text user 4 (at 0 17.78 90) (layer F.SilkS)
      (effects (font (size 1 1) (thickness 0.15)))
    )
    (fp_text user 3 (at 3.81 24.13 90) (layer F.SilkS)
      (effects (font (size 1 1) (thickness 0.15)))
    )
    (fp_text user 2 (at 10.16 27.94 90) (layer F.SilkS)
      (effects (font (size 1 1) (thickness 0.15)))
    )
    (fp_text user 1 (at 16.51 27.94 90) (layer F.SilkS)
      (effects (font (size 1 1) (thickness 0.15)))
    )
    (fp_text user %R (at 13.97 11.43 90) (layer F.Fab)
      (effects (font (size 1 1) (thickness 0.15)))
    )
    (fp_line (start 13.97 8.89) (end 41.91 8.89) (layer F.Fab) (width 0.1))
    (fp_line (start 41.91 8.89) (end 41.9 19.05) (layer F.Fab) (width 0.1))
    (fp_line (start 41.91 19.05) (end 13.97 19.05) (layer F.Fab) (width 0.1))
    (fp_line (start 41.91 19.05) (end 13.97 19.05) (layer F.SilkS) (width 0.12))
    (fp_line (start 41.91 19.05) (end 41.91 8.89) (layer F.SilkS) (width 0.12))
    (fp_line (start 41.91 8.89) (end 13.97 8.89) (layer F.SilkS) (width 0.12))
    (fp_line (start -2.262 -2.477) (end 42.352 -2.477) (layer F.Fab) (width 0.1))
    (fp_line (start 42.352 30.206) (end -2.262 30.206) (layer F.Fab) (width 0.1))
    (fp_line (start -2.262 30.206) (end -2.262 -2.477) (layer F.Fab) (width 0.1))
    (fp_line (start -2.512 -2.727) (end 42.608 -2.727) (layer F.CrtYd) (width 0.05))
    (fp_line (start -2.512 -2.727) (end -2.512 30.456) (layer F.CrtYd) (width 0.05))
    (fp_line (start 42.608 30.456) (end -2.512 30.456) (layer F.CrtYd) (width 0.05))
    (fp_line (start -2.382 -2.597) (end 42.48 -2.597) (layer F.SilkS) (width 0.12))
    (fp_line (start -2.382 -2.597) (end -2.382 30.326) (layer F.SilkS) (width 0.12))
    (fp_line (start 42.48 30.326) (end -2.382 30.326) (layer F.SilkS) (width 0.12))
    (pad 11 thru_hole circle (at 39.37 21.59 270) (size 3 3) (drill 1.52) (layers *.Cu *.Mask)
      (net 7 /PowerIn-))
    (pad 10 thru_hole rect (at 39.37 26.67 270) (size 3 3) (drill 1.52) (layers *.Cu *.Mask)
      (net 8 /PowerIn+))
    (pad 12 thru_hole circle (at 0 0 270) (size 3 3) (drill 1.52) (layers *.Cu *.Mask)
      (net 12 "Net-(L1-Pad1)"))
    (pad 9 thru_hole circle (at 26.67 13.97 270) (size 3 3) (drill 1.52) (layers *.Cu *.Mask))
    (pad 8 thru_hole circle (at 15.24 2.54 270) (size 2 2) (drill 0.9) (layers *.Cu *.Mask))
    (pad 7 thru_hole circle (at 10.16 2.54 270) (size 2 2) (drill 0.9) (layers *.Cu *.Mask))
    (pad 6 thru_hole circle (at 5.08 6.35 270) (size 2 2) (drill 0.9) (layers *.Cu *.Mask))
    (pad 1 thru_hole rect (at 16.51 25.4 270) (size 2 2) (drill 0.9) (layers *.Cu *.Mask))
    (pad 2 thru_hole circle (at 11.43 25.4 270) (size 2 2) (drill 0.9) (layers *.Cu *.Mask))
    (pad 4 thru_hole circle (at 2.54 17.78 270) (size 2 2) (drill 0.9) (layers *.Cu *.Mask)
      (net 13 "Net-(L2-Pad1)"))
    (pad 5 thru_hole circle (at 2.54 11.43 270) (size 2 2) (drill 0.9) (layers *.Cu *.Mask))
    (pad 3 thru_hole circle (at 6.35 22.86 270) (size 2 2) (drill 0.9) (layers *.Cu *.Mask))
  )

  (module Power:Spark_Gap (layer F.Cu) (tedit 5F474D33) (tstamp 5F47F29A)
    (at 119.38 38.1)
    (descr "Spark Gap")
    (tags "Spark Gap")
    (path /5E31D455)
    (fp_text reference E1 (at 30.48 -2.54) (layer F.SilkS)
      (effects (font (size 1 1) (thickness 0.15)))
    )
    (fp_text value "SPARK_GAP 10kV" (at 30.48 2.54) (layer F.Fab)
      (effects (font (size 1 1) (thickness 0.15)))
    )
    (fp_line (start 63.3 22.5) (end -2.38 22.506) (layer F.SilkS) (width 0.12))
    (fp_line (start -2.38 -22.057) (end -2.38 22.506) (layer F.SilkS) (width 0.12))
    (fp_line (start -2.38 -22.057) (end 63.3 -22.057) (layer F.SilkS) (width 0.12))
    (fp_line (start 63.43 22.636) (end -2.512 22.64) (layer F.CrtYd) (width 0.05))
    (fp_line (start -2.52 -22.187) (end -2.512 22.64) (layer F.CrtYd) (width 0.05))
    (fp_line (start -2.52 -22.187) (end 63.43 -22.187) (layer F.CrtYd) (width 0.05))
    (fp_line (start -2.26 22.39) (end -2.26 -21.94) (layer F.Fab) (width 0.1))
    (fp_line (start 63.18 22.386) (end -2.26 22.39) (layer F.Fab) (width 0.1))
    (fp_line (start -2.26 -21.94) (end 63.18 -21.937) (layer F.Fab) (width 0.1))
    (fp_text user %R (at 30.48 -2.54) (layer F.Fab)
      (effects (font (size 1 1) (thickness 0.15)))
    )
    (fp_text user 1 (at 0 2.54) (layer F.SilkS)
      (effects (font (size 1 1) (thickness 0.15)))
    )
    (fp_text user 2 (at 60.96 2.54) (layer F.SilkS)
      (effects (font (size 1 1) (thickness 0.15)))
    )
    (fp_circle (center 30.48 0) (end 52.07 0) (layer F.SilkS) (width 0.12))
    (fp_line (start 63.18 22.386) (end 63.18 -21.937) (layer F.Fab) (width 0.1))
    (fp_line (start 63.3 -22.057) (end 63.3 22.5) (layer F.SilkS) (width 0.12))
    (fp_line (start 63.43 -22.187) (end 63.43 22.636) (layer F.CrtYd) (width 0.05))
    (pad 2 thru_hole circle (at 60.96 0) (size 3 3) (drill 1.52) (layers *.Cu *.Mask)
      (net 6 "Net-(E1-Pad2)"))
    (pad 1 thru_hole rect (at 0 0) (size 3 3) (drill 1.52) (layers *.Cu *.Mask)
      (net 1 "Net-(C1-Pad1)"))
  )

  (module Power:Air_Core_Transformer_1P_1S (layer F.Cu) (tedit 5F474C83) (tstamp 5F47E0B5)
    (at 208.28 55.88)
    (descr "Air Core Transformer 1P 1S")
    (tags "Air Core Transformer")
    (path /5E36FDA0)
    (fp_text reference T3 (at 13.97 39.37) (layer F.SilkS)
      (effects (font (size 1 1) (thickness 0.15)))
    )
    (fp_text value 20:20 (at 13.97 41.91) (layer F.Fab)
      (effects (font (size 1 1) (thickness 0.15)))
    )
    (fp_line (start 2.54 -7.62) (end 2.54 90.17) (layer F.Fab) (width 0.1))
    (fp_line (start 2.54 90.17) (end 2.54 -7.62) (layer F.SilkS) (width 0.12))
    (fp_line (start 30.45 -9.077) (end 30.448 91.416) (layer F.CrtYd) (width 0.05))
    (fp_line (start 30.32 -8.95) (end 30.32 91.286) (layer F.SilkS) (width 0.12))
    (fp_line (start 30.192 91.166) (end 30.19 -8.827) (layer F.Fab) (width 0.1))
    (fp_text user 4 (at 29.21 0) (layer F.SilkS)
      (effects (font (size 1 1) (thickness 0.15)))
    )
    (fp_text user 3 (at 29.21 81.28) (layer F.SilkS)
      (effects (font (size 1 1) (thickness 0.15)))
    )
    (fp_text user 2 (at -1.27 81.28) (layer F.SilkS)
      (effects (font (size 1 1) (thickness 0.15)))
    )
    (fp_text user 1 (at -1.27 0) (layer F.SilkS)
      (effects (font (size 1 1) (thickness 0.15)))
    )
    (fp_line (start 2.54 -7.62) (end 25.4 -7.62) (layer F.Fab) (width 0.1))
    (fp_line (start 25.4 -7.62) (end 25.39 90.17) (layer F.Fab) (width 0.1))
    (fp_line (start 25.4 90.17) (end 2.53 90.17) (layer F.Fab) (width 0.1))
    (fp_line (start 25.4 90.17) (end 2.54 90.17) (layer F.SilkS) (width 0.12))
    (fp_line (start 25.4 90.17) (end 25.4 -7.62) (layer F.SilkS) (width 0.12))
    (fp_line (start 25.4 -7.62) (end 2.54 -7.62) (layer F.SilkS) (width 0.12))
    (fp_line (start -2.262 -8.827) (end 30.19 -8.827) (layer F.Fab) (width 0.1))
    (fp_line (start 30.192 91.166) (end -2.262 91.166) (layer F.Fab) (width 0.1))
    (fp_line (start -2.262 91.166) (end -2.262 -8.827) (layer F.Fab) (width 0.1))
    (fp_line (start -2.512 -9.077) (end 30.45 -9.077) (layer F.CrtYd) (width 0.05))
    (fp_line (start -2.512 -9.077) (end -2.512 91.416) (layer F.CrtYd) (width 0.05))
    (fp_line (start 30.448 91.416) (end -2.512 91.416) (layer F.CrtYd) (width 0.05))
    (fp_line (start -2.382 -8.947) (end 30.32 -8.95) (layer F.SilkS) (width 0.12))
    (fp_line (start -2.382 -8.947) (end -2.382 91.286) (layer F.SilkS) (width 0.12))
    (fp_line (start 30.32 91.286) (end -2.382 91.286) (layer F.SilkS) (width 0.12))
    (pad 1 thru_hole rect (at 0 0) (size 3 3) (drill 1.52) (layers *.Cu *.Mask)
      (net 15 "Net-(D3-Pad1)"))
    (pad 2 thru_hole circle (at 0 81.28) (size 3 3) (drill 1.52) (layers *.Cu *.Mask)
      (net 11 "Net-(R4-Pad1)"))
    (pad 4 thru_hole circle (at 27.94 0) (size 3 3) (drill 1.52) (layers *.Cu *.Mask)
      (net 9 /Output+))
    (pad 3 thru_hole circle (at 27.94 81.28) (size 3 3) (drill 1.52) (layers *.Cu *.Mask)
      (net 10 /Output-))
  )

  (module Power:Air_Core_Transformer_1P_1S (layer F.Cu) (tedit 5F474C83) (tstamp 5F47D8E4)
    (at 119.38 73.66)
    (descr "Air Core Transformer 1P 1S")
    (tags "Air Core Transformer")
    (path /5E115770)
    (fp_text reference T2 (at 13.97 39.37) (layer F.SilkS)
      (effects (font (size 1 1) (thickness 0.15)))
    )
    (fp_text value 20:20 (at 13.97 41.91) (layer F.Fab)
      (effects (font (size 1 1) (thickness 0.15)))
    )
    (fp_line (start 2.54 -7.62) (end 2.54 90.17) (layer F.Fab) (width 0.1))
    (fp_line (start 2.54 90.17) (end 2.54 -7.62) (layer F.SilkS) (width 0.12))
    (fp_line (start 30.45 -9.077) (end 30.448 91.416) (layer F.CrtYd) (width 0.05))
    (fp_line (start 30.32 -8.95) (end 30.32 91.286) (layer F.SilkS) (width 0.12))
    (fp_line (start 30.192 91.166) (end 30.19 -8.827) (layer F.Fab) (width 0.1))
    (fp_text user 4 (at 29.21 0) (layer F.SilkS)
      (effects (font (size 1 1) (thickness 0.15)))
    )
    (fp_text user 3 (at 29.21 81.28) (layer F.SilkS)
      (effects (font (size 1 1) (thickness 0.15)))
    )
    (fp_text user 2 (at -1.27 81.28) (layer F.SilkS)
      (effects (font (size 1 1) (thickness 0.15)))
    )
    (fp_text user 1 (at -1.27 0) (layer F.SilkS)
      (effects (font (size 1 1) (thickness 0.15)))
    )
    (fp_line (start 2.54 -7.62) (end 25.4 -7.62) (layer F.Fab) (width 0.1))
    (fp_line (start 25.4 -7.62) (end 25.39 90.17) (layer F.Fab) (width 0.1))
    (fp_line (start 25.4 90.17) (end 2.53 90.17) (layer F.Fab) (width 0.1))
    (fp_line (start 25.4 90.17) (end 2.54 90.17) (layer F.SilkS) (width 0.12))
    (fp_line (start 25.4 90.17) (end 25.4 -7.62) (layer F.SilkS) (width 0.12))
    (fp_line (start 25.4 -7.62) (end 2.54 -7.62) (layer F.SilkS) (width 0.12))
    (fp_line (start -2.262 -8.827) (end 30.19 -8.827) (layer F.Fab) (width 0.1))
    (fp_line (start 30.192 91.166) (end -2.262 91.166) (layer F.Fab) (width 0.1))
    (fp_line (start -2.262 91.166) (end -2.262 -8.827) (layer F.Fab) (width 0.1))
    (fp_line (start -2.512 -9.077) (end 30.45 -9.077) (layer F.CrtYd) (width 0.05))
    (fp_line (start -2.512 -9.077) (end -2.512 91.416) (layer F.CrtYd) (width 0.05))
    (fp_line (start 30.448 91.416) (end -2.512 91.416) (layer F.CrtYd) (width 0.05))
    (fp_line (start -2.382 -8.947) (end 30.32 -8.95) (layer F.SilkS) (width 0.12))
    (fp_line (start -2.382 -8.947) (end -2.382 91.286) (layer F.SilkS) (width 0.12))
    (fp_line (start 30.32 91.286) (end -2.382 91.286) (layer F.SilkS) (width 0.12))
    (pad 1 thru_hole rect (at 0 0) (size 3 3) (drill 1.52) (layers *.Cu *.Mask)
      (net 6 "Net-(E1-Pad2)"))
    (pad 2 thru_hole circle (at 0 81.28) (size 3 3) (drill 1.52) (layers *.Cu *.Mask)
      (net 3 "Net-(C2-Pad2)"))
    (pad 4 thru_hole circle (at 27.94 0) (size 3 3) (drill 1.52) (layers *.Cu *.Mask)
      (net 5 "Net-(D1-Pad1)"))
    (pad 3 thru_hole circle (at 27.94 81.28) (size 3 3) (drill 1.52) (layers *.Cu *.Mask)
      (net 14 "Net-(D2-Pad1)"))
  )

  (module Power:Diode_2CL_Horizontal (layer F.Cu) (tedit 5F34D843) (tstamp 5F355986)
    (at 190.5 134.62 270)
    (descr "Diode, 2CL series, Axial, Horizontal, pin pitch=20mm, , length*diameter=15.0*4.3mm^2, , https://www.deantechnology.com/products/2cl2fm")
    (tags "Diode 2CL series Axial Horizontal pin pitch 20mm  length 15.0mm diameter 4.3mm")
    (path /5F0436E5)
    (fp_text reference D4 (at 10.254 -3.81 90) (layer F.SilkS)
      (effects (font (size 1 1) (thickness 0.15)))
    )
    (fp_text value 2CL2FM (at 10 3.13 90) (layer F.Fab)
      (effects (font (size 1 1) (thickness 0.15)))
    )
    (fp_text user K (at 0 -2.6 90) (layer F.SilkS)
      (effects (font (size 1 1) (thickness 0.15)))
    )
    (fp_text user K (at 0 -2.6 90) (layer F.Fab)
      (effects (font (size 1 1) (thickness 0.15)))
    )
    (fp_text user %R (at 10.414 0 90) (layer F.Fab)
      (effects (font (size 1 1) (thickness 0.15)))
    )
    (fp_line (start 22.098 -2.54) (end -1.85 -2.54) (layer F.CrtYd) (width 0.05))
    (fp_line (start 22.098 2.26) (end 22.098 -2.54) (layer F.CrtYd) (width 0.05))
    (fp_line (start -1.85 2.26) (end 22.098 2.26) (layer F.CrtYd) (width 0.05))
    (fp_line (start -1.85 -2.54) (end -1.85 2.26) (layer F.CrtYd) (width 0.05))
    (fp_line (start 4.1275 -2.2225) (end 4.1275 2.2225) (layer F.SilkS) (width 0.12))
    (fp_line (start 4.318 -2.2225) (end 4.318 2.2225) (layer F.SilkS) (width 0.12))
    (fp_line (start 4.2242 -2.2225) (end 4.2242 2.2225) (layer F.SilkS) (width 0.12))
    (fp_line (start 18.542 0) (end 17.7292 0) (layer F.SilkS) (width 0.12))
    (fp_line (start 1.84 0) (end 2.667 0) (layer F.SilkS) (width 0.12))
    (fp_line (start 17.718 -2.2606) (end 2.7392 -2.257) (layer F.SilkS) (width 0.12))
    (fp_line (start 17.718 2.2534) (end 17.718 -2.2606) (layer F.SilkS) (width 0.12))
    (fp_line (start 2.7392 2.257) (end 17.718 2.2534) (layer F.SilkS) (width 0.12))
    (fp_line (start 2.7392 -2.257) (end 2.7392 2.257) (layer F.SilkS) (width 0.12))
    (fp_line (start 4.1242 -2.159) (end 4.1275 2.0955) (layer F.Fab) (width 0.1))
    (fp_line (start 4.318 -2.0955) (end 4.3242 2.0955) (layer F.Fab) (width 0.1))
    (fp_line (start 4.2242 -2.0955) (end 4.2242 2.0955) (layer F.Fab) (width 0.1))
    (fp_line (start 20 0) (end 17.653 0) (layer F.Fab) (width 0.1))
    (fp_line (start 0 0) (end 2.794 0) (layer F.Fab) (width 0.1))
    (fp_line (start 17.598 -2.1243) (end 2.8592 -2.137) (layer F.Fab) (width 0.1))
    (fp_line (start 17.598 2.1497) (end 17.598 -2.1243) (layer F.Fab) (width 0.1))
    (fp_line (start 2.8592 2.137) (end 17.598 2.1497) (layer F.Fab) (width 0.1))
    (fp_line (start 2.8592 -2.137) (end 2.8592 2.137) (layer F.Fab) (width 0.1))
    (pad 2 thru_hole oval (at 20.32 0 270) (size 3.2 3.2) (drill 1.6) (layers *.Cu *.Mask)
      (net 14 "Net-(D2-Pad1)"))
    (pad 1 thru_hole rect (at 0 0 270) (size 3.2 3.2) (drill 1.6) (layers *.Cu *.Mask)
      (net 15 "Net-(D3-Pad1)"))
    (model ${KISYS3DMOD}/Diode_THT.3dshapes/D_P600_R-6_P20.00mm_Horizontal.wrl
      (at (xyz 0 0 0))
      (scale (xyz 1 1 1))
      (rotate (xyz 0 0 0))
    )
  )

  (module Power:Diode_2CL_Horizontal (layer F.Cu) (tedit 5F34D843) (tstamp 5F355967)
    (at 190.5 93.98 90)
    (descr "Diode, 2CL series, Axial, Horizontal, pin pitch=20mm, , length*diameter=15.0*4.3mm^2, , https://www.deantechnology.com/products/2cl2fm")
    (tags "Diode 2CL series Axial Horizontal pin pitch 20mm  length 15.0mm diameter 4.3mm")
    (path /5F046B1B)
    (fp_text reference D3 (at 10.254 -3.81 90) (layer F.SilkS)
      (effects (font (size 1 1) (thickness 0.15)))
    )
    (fp_text value 2CL2FM (at 10 3.13 90) (layer F.Fab)
      (effects (font (size 1 1) (thickness 0.15)))
    )
    (fp_text user K (at 0 -2.6 90) (layer F.SilkS)
      (effects (font (size 1 1) (thickness 0.15)))
    )
    (fp_text user K (at 0 -2.6 90) (layer F.Fab)
      (effects (font (size 1 1) (thickness 0.15)))
    )
    (fp_text user %R (at 10.414 0 90) (layer F.Fab)
      (effects (font (size 1 1) (thickness 0.15)))
    )
    (fp_line (start 22.098 -2.54) (end -1.85 -2.54) (layer F.CrtYd) (width 0.05))
    (fp_line (start 22.098 2.26) (end 22.098 -2.54) (layer F.CrtYd) (width 0.05))
    (fp_line (start -1.85 2.26) (end 22.098 2.26) (layer F.CrtYd) (width 0.05))
    (fp_line (start -1.85 -2.54) (end -1.85 2.26) (layer F.CrtYd) (width 0.05))
    (fp_line (start 4.1275 -2.2225) (end 4.1275 2.2225) (layer F.SilkS) (width 0.12))
    (fp_line (start 4.318 -2.2225) (end 4.318 2.2225) (layer F.SilkS) (width 0.12))
    (fp_line (start 4.2242 -2.2225) (end 4.2242 2.2225) (layer F.SilkS) (width 0.12))
    (fp_line (start 18.542 0) (end 17.7292 0) (layer F.SilkS) (width 0.12))
    (fp_line (start 1.84 0) (end 2.667 0) (layer F.SilkS) (width 0.12))
    (fp_line (start 17.718 -2.2606) (end 2.7392 -2.257) (layer F.SilkS) (width 0.12))
    (fp_line (start 17.718 2.2534) (end 17.718 -2.2606) (layer F.SilkS) (width 0.12))
    (fp_line (start 2.7392 2.257) (end 17.718 2.2534) (layer F.SilkS) (width 0.12))
    (fp_line (start 2.7392 -2.257) (end 2.7392 2.257) (layer F.SilkS) (width 0.12))
    (fp_line (start 4.1242 -2.159) (end 4.1275 2.0955) (layer F.Fab) (width 0.1))
    (fp_line (start 4.318 -2.0955) (end 4.3242 2.0955) (layer F.Fab) (width 0.1))
    (fp_line (start 4.2242 -2.0955) (end 4.2242 2.0955) (layer F.Fab) (width 0.1))
    (fp_line (start 20 0) (end 17.653 0) (layer F.Fab) (width 0.1))
    (fp_line (start 0 0) (end 2.794 0) (layer F.Fab) (width 0.1))
    (fp_line (start 17.598 -2.1243) (end 2.8592 -2.137) (layer F.Fab) (width 0.1))
    (fp_line (start 17.598 2.1497) (end 17.598 -2.1243) (layer F.Fab) (width 0.1))
    (fp_line (start 2.8592 2.137) (end 17.598 2.1497) (layer F.Fab) (width 0.1))
    (fp_line (start 2.8592 -2.137) (end 2.8592 2.137) (layer F.Fab) (width 0.1))
    (pad 2 thru_hole oval (at 20.32 0 90) (size 3.2 3.2) (drill 1.6) (layers *.Cu *.Mask)
      (net 5 "Net-(D1-Pad1)"))
    (pad 1 thru_hole rect (at 0 0 90) (size 3.2 3.2) (drill 1.6) (layers *.Cu *.Mask)
      (net 15 "Net-(D3-Pad1)"))
    (model ${KISYS3DMOD}/Diode_THT.3dshapes/D_P600_R-6_P20.00mm_Horizontal.wrl
      (at (xyz 0 0 0))
      (scale (xyz 1 1 1))
      (rotate (xyz 0 0 0))
    )
  )

  (module Power:Diode_2CL_Horizontal (layer F.Cu) (tedit 5F34D843) (tstamp 5F355948)
    (at 165.1 154.94 90)
    (descr "Diode, 2CL series, Axial, Horizontal, pin pitch=20mm, , length*diameter=15.0*4.3mm^2, , https://www.deantechnology.com/products/2cl2fm")
    (tags "Diode 2CL series Axial Horizontal pin pitch 20mm  length 15.0mm diameter 4.3mm")
    (path /5F043CAE)
    (fp_text reference D2 (at 10.254 -3.81 90) (layer F.SilkS)
      (effects (font (size 1 1) (thickness 0.15)))
    )
    (fp_text value 2CL2FM (at 10 3.13 90) (layer F.Fab)
      (effects (font (size 1 1) (thickness 0.15)))
    )
    (fp_line (start 2.8592 -2.137) (end 2.8592 2.137) (layer F.Fab) (width 0.1))
    (fp_line (start 2.8592 2.137) (end 17.598 2.1497) (layer F.Fab) (width 0.1))
    (fp_line (start 17.598 2.1497) (end 17.598 -2.1243) (layer F.Fab) (width 0.1))
    (fp_line (start 17.598 -2.1243) (end 2.8592 -2.137) (layer F.Fab) (width 0.1))
    (fp_line (start 0 0) (end 2.794 0) (layer F.Fab) (width 0.1))
    (fp_line (start 20 0) (end 17.653 0) (layer F.Fab) (width 0.1))
    (fp_line (start 4.2242 -2.0955) (end 4.2242 2.0955) (layer F.Fab) (width 0.1))
    (fp_line (start 4.318 -2.0955) (end 4.3242 2.0955) (layer F.Fab) (width 0.1))
    (fp_line (start 4.1242 -2.159) (end 4.1275 2.0955) (layer F.Fab) (width 0.1))
    (fp_line (start 2.7392 -2.257) (end 2.7392 2.257) (layer F.SilkS) (width 0.12))
    (fp_line (start 2.7392 2.257) (end 17.718 2.2534) (layer F.SilkS) (width 0.12))
    (fp_line (start 17.718 2.2534) (end 17.718 -2.2606) (layer F.SilkS) (width 0.12))
    (fp_line (start 17.718 -2.2606) (end 2.7392 -2.257) (layer F.SilkS) (width 0.12))
    (fp_line (start 1.84 0) (end 2.667 0) (layer F.SilkS) (width 0.12))
    (fp_line (start 18.542 0) (end 17.7292 0) (layer F.SilkS) (width 0.12))
    (fp_line (start 4.2242 -2.2225) (end 4.2242 2.2225) (layer F.SilkS) (width 0.12))
    (fp_line (start 4.318 -2.2225) (end 4.318 2.2225) (layer F.SilkS) (width 0.12))
    (fp_line (start 4.1275 -2.2225) (end 4.1275 2.2225) (layer F.SilkS) (width 0.12))
    (fp_line (start -1.85 -2.54) (end -1.85 2.26) (layer F.CrtYd) (width 0.05))
    (fp_line (start -1.85 2.26) (end 22.098 2.26) (layer F.CrtYd) (width 0.05))
    (fp_line (start 22.098 2.26) (end 22.098 -2.54) (layer F.CrtYd) (width 0.05))
    (fp_line (start 22.098 -2.54) (end -1.85 -2.54) (layer F.CrtYd) (width 0.05))
    (fp_text user %R (at 10.414 0 90) (layer F.Fab)
      (effects (font (size 1 1) (thickness 0.15)))
    )
    (fp_text user K (at 0 -2.6 90) (layer F.Fab)
      (effects (font (size 1 1) (thickness 0.15)))
    )
    (fp_text user K (at 0 -2.6 90) (layer F.SilkS)
      (effects (font (size 1 1) (thickness 0.15)))
    )
    (pad 1 thru_hole rect (at 0 0 90) (size 3.2 3.2) (drill 1.6) (layers *.Cu *.Mask)
      (net 14 "Net-(D2-Pad1)"))
    (pad 2 thru_hole oval (at 20.32 0 90) (size 3.2 3.2) (drill 1.6) (layers *.Cu *.Mask)
      (net 4 "Net-(D1-Pad2)"))
    (model ${KISYS3DMOD}/Diode_THT.3dshapes/D_P600_R-6_P20.00mm_Horizontal.wrl
      (at (xyz 0 0 0))
      (scale (xyz 1 1 1))
      (rotate (xyz 0 0 0))
    )
  )

  (module Power:Diode_2CL_Horizontal (layer F.Cu) (tedit 5F34D843) (tstamp 5F355929)
    (at 165.1 73.66 270)
    (descr "Diode, 2CL series, Axial, Horizontal, pin pitch=20mm, , length*diameter=15.0*4.3mm^2, , https://www.deantechnology.com/products/2cl2fm")
    (tags "Diode 2CL series Axial Horizontal pin pitch 20mm  length 15.0mm diameter 4.3mm")
    (path /5F0498BA)
    (fp_text reference D1 (at 10.254 -3.81 90) (layer F.SilkS)
      (effects (font (size 1 1) (thickness 0.15)))
    )
    (fp_text value 2CL2FM (at 10 3.13 90) (layer F.Fab)
      (effects (font (size 1 1) (thickness 0.15)))
    )
    (fp_text user K (at 0 -2.6 90) (layer F.SilkS)
      (effects (font (size 1 1) (thickness 0.15)))
    )
    (fp_text user K (at 0 -2.6 90) (layer F.Fab)
      (effects (font (size 1 1) (thickness 0.15)))
    )
    (fp_text user %R (at 10.414 0 90) (layer F.Fab)
      (effects (font (size 1 1) (thickness 0.15)))
    )
    (fp_line (start 22.098 -2.54) (end -1.85 -2.54) (layer F.CrtYd) (width 0.05))
    (fp_line (start 22.098 2.26) (end 22.098 -2.54) (layer F.CrtYd) (width 0.05))
    (fp_line (start -1.85 2.26) (end 22.098 2.26) (layer F.CrtYd) (width 0.05))
    (fp_line (start -1.85 -2.54) (end -1.85 2.26) (layer F.CrtYd) (width 0.05))
    (fp_line (start 4.1275 -2.2225) (end 4.1275 2.2225) (layer F.SilkS) (width 0.12))
    (fp_line (start 4.318 -2.2225) (end 4.318 2.2225) (layer F.SilkS) (width 0.12))
    (fp_line (start 4.2242 -2.2225) (end 4.2242 2.2225) (layer F.SilkS) (width 0.12))
    (fp_line (start 18.542 0) (end 17.7292 0) (layer F.SilkS) (width 0.12))
    (fp_line (start 1.84 0) (end 2.667 0) (layer F.SilkS) (width 0.12))
    (fp_line (start 17.718 -2.2606) (end 2.7392 -2.257) (layer F.SilkS) (width 0.12))
    (fp_line (start 17.718 2.2534) (end 17.718 -2.2606) (layer F.SilkS) (width 0.12))
    (fp_line (start 2.7392 2.257) (end 17.718 2.2534) (layer F.SilkS) (width 0.12))
    (fp_line (start 2.7392 -2.257) (end 2.7392 2.257) (layer F.SilkS) (width 0.12))
    (fp_line (start 4.1242 -2.159) (end 4.1275 2.0955) (layer F.Fab) (width 0.1))
    (fp_line (start 4.318 -2.0955) (end 4.3242 2.0955) (layer F.Fab) (width 0.1))
    (fp_line (start 4.2242 -2.0955) (end 4.2242 2.0955) (layer F.Fab) (width 0.1))
    (fp_line (start 20 0) (end 17.653 0) (layer F.Fab) (width 0.1))
    (fp_line (start 0 0) (end 2.794 0) (layer F.Fab) (width 0.1))
    (fp_line (start 17.598 -2.1243) (end 2.8592 -2.137) (layer F.Fab) (width 0.1))
    (fp_line (start 17.598 2.1497) (end 17.598 -2.1243) (layer F.Fab) (width 0.1))
    (fp_line (start 2.8592 2.137) (end 17.598 2.1497) (layer F.Fab) (width 0.1))
    (fp_line (start 2.8592 -2.137) (end 2.8592 2.137) (layer F.Fab) (width 0.1))
    (pad 2 thru_hole oval (at 20.32 0 270) (size 3.2 3.2) (drill 1.6) (layers *.Cu *.Mask)
      (net 4 "Net-(D1-Pad2)"))
    (pad 1 thru_hole rect (at 0 0 270) (size 3.2 3.2) (drill 1.6) (layers *.Cu *.Mask)
      (net 5 "Net-(D1-Pad1)"))
    (model ${KISYS3DMOD}/Diode_THT.3dshapes/D_P600_R-6_P20.00mm_Horizontal.wrl
      (at (xyz 0 0 0))
      (scale (xyz 1 1 1))
      (rotate (xyz 0 0 0))
    )
  )

  (module Connector:Banana_Jack_1Pin (layer F.Cu) (tedit 5A1AB217) (tstamp 5EE4E1DD)
    (at 248.92 55.88)
    (descr "Single banana socket, footprint - 6mm drill")
    (tags "banana socket")
    (path /5E11806A)
    (fp_text reference J2 (at 0 -6.5) (layer F.SilkS)
      (effects (font (size 1 1) (thickness 0.15)))
    )
    (fp_text value Output+ (at -0.25 6.5) (layer F.Fab)
      (effects (font (size 1 1) (thickness 0.15)))
    )
    (fp_text user %R (at 0 0) (layer F.Fab)
      (effects (font (size 0.8 0.8) (thickness 0.12)))
    )
    (fp_circle (center 0 0) (end 5.75 0) (layer F.CrtYd) (width 0.05))
    (fp_circle (center 0 0) (end 2 0) (layer F.Fab) (width 0.1))
    (fp_circle (center 0 0) (end 4.85 0.05) (layer F.Fab) (width 0.1))
    (fp_circle (center 0 0) (end 5.5 0) (layer F.SilkS) (width 0.12))
    (pad 1 thru_hole circle (at 0 0) (size 10.16 10.16) (drill 6.1) (layers *.Cu *.Mask)
      (net 9 /Output+))
    (model ${KISYS3DMOD}/Connector.3dshapes/Banana_Jack_1Pin.wrl
      (at (xyz 0 0 0))
      (scale (xyz 2 2 2))
      (rotate (xyz 0 0 0))
    )
  )

  (module Inductor_THT:L_Toroid_Horizontal_D9.5mm_P15.00mm_Diameter10-5mm_Amidon-T37 (layer F.Cu) (tedit 5AE59B06) (tstamp 5EF7D6B5)
    (at 72.39 139.7 270)
    (descr "L_Toroid, Horizontal series, Radial, pin pitch=15.00mm, , diameter=9.524999999999999mm, Diameter10-5mm, Amidon-T37")
    (tags "L_Toroid Horizontal series Radial pin pitch 15.00mm  diameter 9.524999999999999mm Diameter10-5mm Amidon-T37")
    (path /5EF88EB8)
    (fp_text reference L2 (at 7.5 -6.0125 90) (layer F.SilkS)
      (effects (font (size 1 1) (thickness 0.15)))
    )
    (fp_text value 10uH (at 7.5 6.0125 90) (layer F.Fab)
      (effects (font (size 1 1) (thickness 0.15)))
    )
    (fp_arc (start 7.5 0) (end 2.840901 -1.46) (angle 145.20164) (layer F.SilkS) (width 0.12))
    (fp_arc (start 7.5 0) (end 2.840901 1.46) (angle -145.20164) (layer F.SilkS) (width 0.12))
    (fp_circle (center 7.5 0) (end 12.2625 0) (layer F.Fab) (width 0.1))
    (fp_circle (center 7.5 0) (end 10.1035 0) (layer F.Fab) (width 0.1))
    (fp_circle (center 7.5 0) (end 9.9835 0) (layer F.SilkS) (width 0.12))
    (fp_line (start 12.28485 0) (end 9.946859 0.655614) (layer F.Fab) (width 0.1))
    (fp_line (start 11.643839 2.392361) (end 9.291263 1.79118) (layer F.Fab) (width 0.1))
    (fp_line (start 9.892553 4.143728) (end 8.155727 2.446829) (layer F.Fab) (width 0.1))
    (fp_line (start 7.500222 4.78485) (end 6.8445 2.44689) (layer F.Fab) (width 0.1))
    (fp_line (start 5.107831 4.143949) (end 5.708903 1.791346) (layer F.Fab) (width 0.1))
    (fp_line (start 3.356383 2.392745) (end 5.053201 0.65584) (layer F.Fab) (width 0.1))
    (fp_line (start 2.71515 0.000443) (end 5.05308 -0.655387) (layer F.Fab) (width 0.1))
    (fp_line (start 3.35594 -2.391977) (end 5.708571 -1.791014) (layer F.Fab) (width 0.1))
    (fp_line (start 5.107063 -4.143506) (end 6.844046 -2.446768) (layer F.Fab) (width 0.1))
    (fp_line (start 7.499335 -4.78485) (end 8.155274 -2.44695) (layer F.Fab) (width 0.1))
    (fp_line (start 9.891785 -4.144171) (end 9.290931 -1.791512) (layer F.Fab) (width 0.1))
    (fp_line (start 11.643395 -2.393129) (end 9.946738 -0.656067) (layer F.Fab) (width 0.1))
    (fp_line (start 12.28485 -0.000887) (end 9.946981 0.65516) (layer F.Fab) (width 0.1))
    (fp_line (start -1.45 -5.02) (end -1.45 5.02) (layer F.CrtYd) (width 0.05))
    (fp_line (start -1.45 5.02) (end 16.45 5.02) (layer F.CrtYd) (width 0.05))
    (fp_line (start 16.45 5.02) (end 16.45 -5.02) (layer F.CrtYd) (width 0.05))
    (fp_line (start 16.45 -5.02) (end -1.45 -5.02) (layer F.CrtYd) (width 0.05))
    (fp_text user %R (at 7.5 0 90) (layer F.Fab)
      (effects (font (size 1 1) (thickness 0.15)))
    )
    (pad 1 thru_hole circle (at 0 0 270) (size 2.4 2.4) (drill 1.2) (layers *.Cu *.Mask)
      (net 13 "Net-(L2-Pad1)"))
    (pad 2 thru_hole circle (at 15 0 270) (size 2.4 2.4) (drill 1.2) (layers *.Cu *.Mask)
      (net 3 "Net-(C2-Pad2)"))
    (model ${KISYS3DMOD}/Inductor_THT.3dshapes/L_Toroid_Horizontal_D9.5mm_P15.00mm_Diameter10-5mm_Amidon-T37.wrl
      (at (xyz 0 0 0))
      (scale (xyz 1 1 1))
      (rotate (xyz 0 0 0))
    )
  )

  (module Inductor_THT:L_Toroid_Horizontal_D9.5mm_P15.00mm_Diameter10-5mm_Amidon-T37 (layer F.Cu) (tedit 5AE59B06) (tstamp 5EF7D698)
    (at 72.39 53.34 90)
    (descr "L_Toroid, Horizontal series, Radial, pin pitch=15.00mm, , diameter=9.524999999999999mm, Diameter10-5mm, Amidon-T37")
    (tags "L_Toroid Horizontal series Radial pin pitch 15.00mm  diameter 9.524999999999999mm Diameter10-5mm Amidon-T37")
    (path /5EF7CB92)
    (fp_text reference L1 (at 7.5 -6.0125 90) (layer F.SilkS)
      (effects (font (size 1 1) (thickness 0.15)))
    )
    (fp_text value 10uH (at 7.5 6.0125 90) (layer F.Fab)
      (effects (font (size 1 1) (thickness 0.15)))
    )
    (fp_text user %R (at 7.5 0 90) (layer F.Fab)
      (effects (font (size 1 1) (thickness 0.15)))
    )
    (fp_line (start 16.45 -5.02) (end -1.45 -5.02) (layer F.CrtYd) (width 0.05))
    (fp_line (start 16.45 5.02) (end 16.45 -5.02) (layer F.CrtYd) (width 0.05))
    (fp_line (start -1.45 5.02) (end 16.45 5.02) (layer F.CrtYd) (width 0.05))
    (fp_line (start -1.45 -5.02) (end -1.45 5.02) (layer F.CrtYd) (width 0.05))
    (fp_line (start 12.28485 -0.000887) (end 9.946981 0.65516) (layer F.Fab) (width 0.1))
    (fp_line (start 11.643395 -2.393129) (end 9.946738 -0.656067) (layer F.Fab) (width 0.1))
    (fp_line (start 9.891785 -4.144171) (end 9.290931 -1.791512) (layer F.Fab) (width 0.1))
    (fp_line (start 7.499335 -4.78485) (end 8.155274 -2.44695) (layer F.Fab) (width 0.1))
    (fp_line (start 5.107063 -4.143506) (end 6.844046 -2.446768) (layer F.Fab) (width 0.1))
    (fp_line (start 3.35594 -2.391977) (end 5.708571 -1.791014) (layer F.Fab) (width 0.1))
    (fp_line (start 2.71515 0.000443) (end 5.05308 -0.655387) (layer F.Fab) (width 0.1))
    (fp_line (start 3.356383 2.392745) (end 5.053201 0.65584) (layer F.Fab) (width 0.1))
    (fp_line (start 5.107831 4.143949) (end 5.708903 1.791346) (layer F.Fab) (width 0.1))
    (fp_line (start 7.500222 4.78485) (end 6.8445 2.44689) (layer F.Fab) (width 0.1))
    (fp_line (start 9.892553 4.143728) (end 8.155727 2.446829) (layer F.Fab) (width 0.1))
    (fp_line (start 11.643839 2.392361) (end 9.291263 1.79118) (layer F.Fab) (width 0.1))
    (fp_line (start 12.28485 0) (end 9.946859 0.655614) (layer F.Fab) (width 0.1))
    (fp_circle (center 7.5 0) (end 9.9835 0) (layer F.SilkS) (width 0.12))
    (fp_circle (center 7.5 0) (end 10.1035 0) (layer F.Fab) (width 0.1))
    (fp_circle (center 7.5 0) (end 12.2625 0) (layer F.Fab) (width 0.1))
    (fp_arc (start 7.5 0) (end 2.840901 1.46) (angle -145.20164) (layer F.SilkS) (width 0.12))
    (fp_arc (start 7.5 0) (end 2.840901 -1.46) (angle 145.20164) (layer F.SilkS) (width 0.12))
    (pad 2 thru_hole circle (at 15 0 90) (size 2.4 2.4) (drill 1.2) (layers *.Cu *.Mask)
      (net 1 "Net-(C1-Pad1)"))
    (pad 1 thru_hole circle (at 0 0 90) (size 2.4 2.4) (drill 1.2) (layers *.Cu *.Mask)
      (net 12 "Net-(L1-Pad1)"))
    (model ${KISYS3DMOD}/Inductor_THT.3dshapes/L_Toroid_Horizontal_D9.5mm_P15.00mm_Diameter10-5mm_Amidon-T37.wrl
      (at (xyz 0 0 0))
      (scale (xyz 1 1 1))
      (rotate (xyz 0 0 0))
    )
  )

  (module Power:C_Axial_L50.0mm_D23.0mm_P55.0mm_Horizontal (layer F.Cu) (tedit 5EE47402) (tstamp 5EE4CBB4)
    (at 91.44 99.06 270)
    (descr "C, Axial series, Axial, Horizontal, pin pitch=55.88mm, , length*diameter=50*23mm^2, ")
    (tags "C Axial series Axial Horizontal pin pitch 55.88mm 11W length 50mm diameter 23mm")
    (path /5E315B45)
    (fp_text reference C2 (at 27.94 -11.97 90) (layer F.SilkS)
      (effects (font (size 1 1) (thickness 0.15)))
    )
    (fp_text value 10nF/8kV (at 27.94 10.16 90) (layer F.Fab)
      (effects (font (size 1 1) (thickness 0.15)))
    )
    (fp_text user %R (at 27.94 0 90) (layer F.Fab)
      (effects (font (size 1 1) (thickness 0.15)))
    )
    (fp_line (start 57.33 -11.4) (end -1.45 -11.4) (layer F.CrtYd) (width 0.05))
    (fp_line (start 57.33 11.4) (end 57.33 -11.4) (layer F.CrtYd) (width 0.05))
    (fp_line (start -1.45 11.4) (end 57.33 11.4) (layer F.CrtYd) (width 0.05))
    (fp_line (start -1.45 -11.4) (end -1.45 11.4) (layer F.CrtYd) (width 0.05))
    (fp_line (start 54.44 0) (end 53.06 0) (layer F.SilkS) (width 0.12))
    (fp_line (start 1.44 0) (end 2.82 0) (layer F.SilkS) (width 0.12))
    (fp_line (start 53.06 -11.27) (end 2.82 -11.27) (layer F.SilkS) (width 0.12))
    (fp_line (start 53.06 11.27) (end 53.06 -11.27) (layer F.SilkS) (width 0.12))
    (fp_line (start 2.82 11.27) (end 53.06 11.27) (layer F.SilkS) (width 0.12))
    (fp_line (start 2.82 -11.27) (end 2.82 11.27) (layer F.SilkS) (width 0.12))
    (fp_line (start 55.88 0) (end 52.94 0) (layer F.Fab) (width 0.1))
    (fp_line (start 0 0) (end 2.94 0) (layer F.Fab) (width 0.1))
    (fp_line (start 52.94 -11.15) (end 2.94 -11.15) (layer F.Fab) (width 0.1))
    (fp_line (start 52.94 11.15) (end 52.94 -11.15) (layer F.Fab) (width 0.1))
    (fp_line (start 2.94 11.15) (end 52.94 11.15) (layer F.Fab) (width 0.1))
    (fp_line (start 2.94 -11.15) (end 2.94 11.15) (layer F.Fab) (width 0.1))
